Sample	Cluster1	Cluster2	Cluster3
YS_121315_01	0.975	0.003	0.022
YS_121315_03	0.985	0.01	0.005
YS_121315_05	0.988	0.004	0.008
YS_121315_13	0.92	0.016	0.064
YS_121315_17	0.975	0.016	0.009
YS_121315_18	0.985	0.012	0.003
YS_121315_22	0.958	0.018	0.024
YS_121315_23	0.973	0.005	0.022
YS_121315_24	0.996	0.002	0.002
YS_121315_25	0.968	0.03	0.002
YS_121315_26	0.962	0.027	0.011
YS_121315_27	0.986	0.012	0.002
YS_121315_28	0.995	0.002	0.003
YS_121315_29	0.991	0.005	0.004
YS_121315_08	0.984	0.004	0.012
YS_121315_10	0.862	0.137	0.001
YS_121315_12	0.993	0.002	0.004
YS_121315_15	0.88	0.068	0.052
YS_121315_16	0.995	0.004	0.001
YS_121315_30	0.989	0.005	0.006
YS_121315_04	0.965	0.034	0.001
YS_121315_19	0.999	0.001	0.001
YS_121315_21	0.973	0.021	0.006
YS_121315_20	0.953	0.004	0.043
YS_121315_07	0.996	0.003	0.001
BOR07_02	0.994	0.005	0.001
BOR07_03	0.996	0.003	0.002
BOR07_04	0.957	0.01	0.033
BOR07_05	0.762	0.004	0.234
BOR07_06	0.993	0.005	0.003
BOR07_07	0.869	0.004	0.127
BOR07_08	0.895	0.012	0.093
BOR07_09	0.992	0.006	0.002
BOR07_10	0.982	0.01	0.008
BOR07_11	0.992	0.004	0.004
BOR07_12	0.975	0.005	0.02
BOR07_13	0.99	0.005	0.005
BOR07_14	0.989	0.009	0.003
BOR07_15	0.989	0.007	0.004
BOR07_16	0.984	0.014	0.002
BOR07_17	0.948	0.025	0.027
BOR07_18	0.967	0.031	0.003
BOR07_19	0.99	0.001	0.009
BOR07_20	0.9	0.002	0.098
BOR07_22	0.918	0.004	0.079
BOR07_01_2	0.987	0.008	0.004
BOR07_21_2	0.99	0.008	0.002
NA021015_02	0.003	0.995	0.002
NA021015_03	0.212	0.788	0
NA021015_08	0.073	0.926	0.002
NA021015_13	0.741	0.227	0.032
NA021015_14	0.135	0.859	0.005
NA021015_16	0.009	0.938	0.053
NA021015_17	0.006	0.987	0.007
NA021015_21	0.003	0.994	0.002
NA021015_22	0.907	0.089	0.004
NA021015_23	0.134	0.85	0.016
NA021015_25	0.055	0.942	0.003
NA021015_26	0.066	0.933	0
NA021015_30	0.979	0.019	0.001
GE011215_01	0.106	0.89	0.004
GE011215_07	0.012	0.987	0.001
GE011215_08	0.004	0.989	0.007
GE011215_09	0.029	0.967	0.003
GE011215_10	0.003	0.992	0.005
GE011215_14	0.002	0.998	0.001
GE011215_15	0.003	0.993	0.005
GE011215_16	0.001	0.998	0.001
GE011215_18	0.006	0.905	0.089
GE011215_19	0.002	0.998	0
GE011215_20	0.002	0.997	0
GE011215_21	0.012	0.94	0.048
GE011215_22	0.002	0.997	0.001
GE011215_24	0.003	0.995	0.002
GE011215_28	0.004	0.995	0.002
GE011215_29	0.002	0.997	0.001
GE011215_30	0.017	0.978	0.006
GE012315_01	0.039	0.96	0.001
GE012315_03	0.058	0.893	0.049
GE012315_04	0.655	0.304	0.041
GE012315_05	0.988	0.011	0.001
GE012315_06	0.927	0.072	0.002
GE012315_08	0.063	0.926	0.011
GE012315_10	0.021	0.976	0.003
GE012315_17	0.002	0.996	0.002
GE012315_20	0.027	0.97	0.003
GE012315_22	0.001	0.998	0.001
GE012315_02	0.008	0.906	0.086
GE012315_12	0.018	0.974	0.008
GE012315_18	0.002	0.996	0.001
GE012315_21	0.005	0.981	0.015
GE011215_11	0.049	0.868	0.083
GEO020414_11	0.003	0.995	0.003
GEO020414_13	0.051	0.943	0.005
GEO020414_14	0.001	0.999	0
GEO020414_15	0.006	0.992	0.002
GEO020414_16	0.004	0.995	0.001
GEO020414_17	0.006	0.989	0.005
GEO020414_02	0.015	0.979	0.005
GEO020414_23	0.002	0.995	0.003
GEO020414_24	0.016	0.979	0.005
GEO020414_25	0.009	0.986	0.005
GEO020414_26	0.005	0.983	0.012
GEO020414_27	0.003	0.987	0.01
GEO020414_29	0.001	0.998	0.001
GEO020414_03	0.004	0.995	0.001
GEO020414_04	0.007	0.991	0.002
GEO020414_05	0.006	0.99	0.003
GEO020414_06	0.991	0.007	0.002
GEO020414_07	0.022	0.975	0.004
GEO020414_08	0.005	0.994	0.001
GEO020414_09	0.001	0.997	0.002
GEO020414_10	0.002	0.997	0
GEO020414_30	0.002	0.997	0.001
JB121807_01	0.001	0.998	0
JB121807_03	0.007	0.846	0.147
JB121807_04	0.003	0.996	0.001
JB121807_06	0.012	0.934	0.054
JB121807_08	0.002	0.997	0.001
JB121807_11	0.002	0.997	0.001
JB121807_12	0.005	0.99	0.005
JB121807_14	0.043	0.911	0.046
JB121807_19	0.004	0.992	0.003
JB121807_20	0.001	0.998	0
JB121807_21	0.002	0.997	0.001
JB121807_24	0.012	0.931	0.057
JB121807_25	0.002	0.996	0.001
JB121807_28	0.005	0.986	0.009
JB121807_31	0.01	0.976	0.015
JB121807_32	0.003	0.995	0.002
JB121807_33	0.064	0.93	0.007
JB121807_34	0.028	0.952	0.02
JB121807_37	0.044	0.94	0.017
JB121807_38	0.027	0.927	0.045
JB121807_41	0.004	0.994	0.001
JB121807_42	0.002	0.998	0.001
JB121807_44	0.003	0.994	0.003
JB121807_46	0.001	0.998	0.001
JB121807_48	0.001	0.998	0
JB121807_22	0.001	0.998	0.001
JB121807_26	0.001	0.998	0.001
JB121807_39	0.002	0.997	0.002
JB121807_05	0.023	0.953	0.024
JB121807_35	0.006	0.989	0.005
JB121807_47	0.003	0.996	0.001
JB121807_23	0.014	0.958	0.028
JB121807_27	0.003	0.994	0.003
JB121807_30	0.003	0.995	0.002
JB121807_16	0.007	0.954	0.039
JB121807_18	0.009	0.983	0.007
JB121807_43	0.003	0.996	0.001
JB121807_29	0.002	0.997	0.001
JB021108_02	0.1	0.858	0.042
JB021108_04	0.02	0.978	0.002
JB021108_05	0.042	0.899	0.06
JB021108_06	0.002	0.997	0.001
JB021108_07	0.037	0.957	0.007
JB021108_08	0.002	0.997	0.001
JB021108_09	0.007	0.915	0.078
JB021108_12	0.004	0.992	0.004
JB021108_13	0.03	0.932	0.039
JB021108_16	0.016	0.972	0.012
JB021108_17	0.001	0.998	0.001
JB021108_19	0.118	0.875	0.008
JB021108_22	0.029	0.73	0.241
JB021108_26	0.007	0.98	0.013
JB021108_29	0.005	0.993	0.002
JB021108_30	0.014	0.902	0.084
JB021108_34	0.007	0.99	0.003
JB021108_35	0.13	0.867	0.003
JB021108_36	0.007	0.988	0.004
JB021108_37	0.019	0.908	0.073
JB021108_38	0.002	0.996	0.001
JB021108_39	0.006	0.981	0.013
JB021108_41	0.003	0.994	0.003
JB021108_44	0.003	0.995	0.002
JB021108_45	0.015	0.912	0.073
JB021108_46	0.002	0.992	0.006
JB021108_47	0.108	0.881	0.011
JB021108_48	0.044	0.907	0.049
JB021108_24	0.004	0.994	0.003
JB021108_33	0.003	0.996	0.001
JB021108_40	0.001	0.999	0
JB021108_14	0.004	0.995	0.001
JB021108_25	0.003	0.995	0.002
JB021108_31	0.002	0.998	0
JB021108_23	0.007	0.989	0.003
JB021108_11	0.006	0.99	0.003
PO010715_02	0.004	0.959	0.037
PO010715_04	0.005	0.988	0.008
PO010715_06	0.003	0.997	0
PO010715_08	0.004	0.994	0.002
PO010715_10	0.001	0.997	0.001
PO010715_11	0.964	0.027	0.009
PO010715_12	0.003	0.996	0.001
PO010715_17	0.007	0.991	0.002
PO010715_19	0.009	0.99	0.001
PO010715_27	0.008	0.99	0.003
PO010715_28	0.008	0.989	0.003
PO010715_29	0.003	0.997	0
PO020515_01	0.006	0.992	0.002
PO020515_03	0.003	0.996	0.001
PO020515_05	0.003	0.996	0.001
PO020515_06	0.851	0.141	0.008
PO020515_08	0.001	0.998	0
PO020515_09	0.007	0.991	0.002
PO020515_10	0.01	0.988	0.002
PO020515_14	0.01	0.987	0.004
PO020515_15	0.011	0.981	0.008
PO020515_16	0.01	0.986	0.004
PO020515_17	0.019	0.98	0.002
PO031715_03	0.03	0.968	0.002
PO031715_04	0.021	0.975	0.004
PO031715_13	0.024	0.913	0.063
PO031715_20	0.015	0.955	0.031
PO031715_23	0.029	0.96	0.011
PO031715_24	0.001	0.998	0
PO010715_26	0.007	0.989	0.004
PO010715_07	0.002	0.996	0.002
JUK07_01	0.938	0.011	0.052
JUK07_02	0.004	0.002	0.994
JUK07_03	0.006	0.003	0.99
JUK07_06	0.012	0.001	0.986
JUK07_09	0.004	0.002	0.994
JUK07_14	0.003	0.005	0.992
JUK07_15	0.004	0.004	0.991
JUK07_16	0.012	0.009	0.979
JUK07_17	0.004	0.003	0.992
JUK07_18	0.014	0.033	0.953
JUK07_19	0.032	0.104	0.864
JUK07_20	0.003	0.005	0.993
JUK07_22	0.024	0.057	0.919
JUK07_25	0.008	0.001	0.991
JUK07_26	0.003	0.009	0.988
JUK07_27	0.026	0.002	0.972
JUK07_28	0.013	0.01	0.977
JUK07_29	0.002	0	0.998
JUK07_30	0.007	0.044	0.949
JUK07_32	0.011	0.001	0.988
JUK07_36	0.01	0.006	0.984
JUK07_37	0.003	0.003	0.993
JUK07_10	0.004	0.003	0.994
JUK07_13	0.986	0.008	0.006
JUK07_21	0.002	0.008	0.99
JUK07_23	0.004	0.001	0.996
JUK07_34	0.028	0.183	0.788
JUK07_04	0.007	0.016	0.977
JUK07_12	0.004	0.051	0.945
JUK07_31	0.002	0.996	0.002
JUK07_11	0.021	0.134	0.845
JUK07_08	0.007	0.042	0.951
JUK07_33	0.981	0.002	0.016